       x_n  x_win  x_avg   x_tot  x_base  x_ex  h_n  h_win  h_avg   h_tot  h_base  h_ex  x_edge  h_edge
t                                                                                                      
NVDA    41  80.49   3.94  161.35    1.26  2.98   33  48.48   0.12    3.89    0.53  0.06    2.67   -0.41
HOOD    45  66.67   3.97  178.71    1.88  3.37   37  43.24   0.30   11.27    0.44  0.13    2.09   -0.14
PLTR    45  60.00   3.62  162.95    1.55  3.16   31  51.61   0.54   16.81    0.49  0.57    2.07    0.06
SMCI    45  55.56   3.14  141.10    1.24  2.38   34  50.00   0.48   16.47    0.29  0.33    1.90    0.19
TSLA    46  63.04   2.35  108.04    0.49  1.46   35  62.86   0.35   12.17    0.25 -0.04    1.86    0.10
ARM     43  55.81   2.75  118.34    1.14  2.01   36  55.56   1.56   56.24    1.01  1.40    1.61    0.55
UBER    36  52.78   2.10   75.75    0.63  1.33   28  42.86  -0.23   -6.52   -0.26 -0.38    1.48    0.03
MSTR    32  62.50   3.91  125.20    2.54  2.82   32  31.25  -0.85  -27.10   -0.70 -1.00    1.37   -0.14
GOOGL   41  60.98   1.48   60.85    0.27  0.55   34  67.65   1.45   49.43    0.67  1.19    1.22    0.78
SHOP    48  64.58   1.81   87.00    0.75  1.18   27  59.26   0.61   16.34    0.51  0.62    1.06    0.09
ORCL    42  66.67   1.68   70.56    0.72  0.75   26  57.69   1.05   27.25   -0.27  0.97    0.96    1.31
AMZN    42  61.90   1.36   57.32    0.44  0.58   29  65.52   0.43   12.37    0.21  0.30    0.93    0.22
LLY     43  72.09   1.15   49.28    0.31  0.40   20  50.00   0.39    7.80    0.56 -0.64    0.84   -0.17
MU      49  67.35   1.37   67.12    0.61  0.72   37  75.68   3.89  144.05    2.55  3.60    0.76    1.34
BA      40  55.00   0.89   35.62    0.16  0.35   31  48.39  -0.05   -1.59   -0.06 -0.19    0.73    0.01
MSFT    42  69.05   0.99   41.78    0.30 -0.08   25  48.00   0.23    5.66    0.11  0.04    0.69    0.11
CRM     37  51.35   0.94   34.92    0.28  0.26   25  68.00   0.93   23.16   -0.04  1.02    0.67    0.97
AVGO    48  54.17   1.54   74.11    0.90  0.95   38  52.63   0.61   23.16    0.35  0.43    0.64    0.26
NFLX    38  71.05   1.42   53.84    0.90  0.82   34  50.00   0.11    3.69   -0.55  0.03    0.52    0.66
QQQ     52  69.23   0.85   44.42    0.36  0.17   39  53.85   0.24    9.37    0.35  0.15    0.49   -0.11
META    42  61.90   1.25   52.53    0.80  0.36   31  58.06   0.07    2.25    0.12 -0.06    0.45   -0.05
AMD     43  51.16   0.74   31.61    0.32  0.01   29  55.17   2.20   63.84    1.88  1.97    0.42    0.32
JPM     47  61.70   0.93   43.50    0.58  0.29   32  37.50  -0.20   -6.37    0.16 -0.25    0.34   -0.36
AAPL    38  57.89   0.53   20.31    0.22 -0.31   30  63.33   0.97   29.20    0.64  0.62    0.32    0.33
IWM     54  53.70   0.50   27.02    0.22 -0.11   30  43.33  -0.23   -7.00    0.26 -0.29    0.28   -0.49
SPY     73  53.42   0.34   24.98    0.30 -0.10   53  52.83   0.04    2.29    0.23 -0.10    0.04   -0.19
COIN    38  52.63   1.43   54.20    1.49  0.90   33  39.39  -0.55  -18.31   -0.35 -0.83   -0.06   -0.21
XOM     33  36.36  -0.23   -7.47    0.06 -0.58   25  44.00  -0.18   -4.58    0.39 -0.19   -0.28   -0.58
explore {'n': 1223, 'win': 60.43, 'avg': 1.63, 'total': 1994.92, 'pf': 2.33, 't': 9.36, 'wins': 739, 'losses': 484, 'days': 4.64}
holdout {'n': 894, 'win': 52.8, 'avg': 0.52, 'total': 465.26, 'pf': 1.35, 't': 2.96, 'wins': 472, 'losses': 422, 'days': 4.22}
edge over drift, mean of tickers: explore 0.93  holdout 0.16
tickers with positive edge: explore 26/28, holdout 17/28, both 17
exit reasons: {'cross': 2106, 'open': 11}
